defaultX=800
defaultY=600
maxValue=5000
secondDelay=2.0
speedUpRate=1.25
slowDownRate=0.75
gap=1
screenWidth=1500
screenHeight=400
r=20.0
n=17.32050808
tileWidth=34.64101615
half=0.5
const=1.5
axisStart=0.0
axisStep=10
